x,y,node,timestamp
917.0,338.0,down,1729300244488
366.0,299.0,down,1729300396463
366.874,299.568,head_end,1729300396600
364.941,300.684,head_end,1729300396620
364.19,301.117,head_end,1729300396634
359.141,304.032,head_end,1729300396651
357.957,304.716,head_end,1729300396667
357.206,305.149,head_end,1729300396684
356.455,305.583,head_end,1729300396701
355.272,306.266,head_end,1729300396717
351.405,308.498,head_end,1729300396734
350.654,308.932,head_end,1729300396751
348.721,310.048,head_end,1729300396767
347.538,310.731,head_end,1729300396784
346.354,311.415,head_end,1729300396801
345.603,311.848,head_end,1729300396818
342.919,313.398,head_end,1729300396835
340.986,314.514,head_end,1729300396851
339.802,315.197,head_end,1729300396867
337.869,316.313,head_end,1729300396884
335.936,317.429,head_end,1729300396901
333.569,318.797,head_end,1729300396917
332.065,319.664,head_end,1729300396934
330.882,320.348,head_end,1729300396951
329.379,321.215,head_end,1729300396968
326.572,322.836,head_end,1729300396984
324.315,324.139,head_end,1729300397001
321.948,325.506,head_end,1729300397018
320.764,326.189,head_end,1729300397034
318.831,327.305,head_end,1729300397051
317.648,327.988,head_end,1729300397068
316.897,328.422,head_end,1729300397087
314.964,329.538,head_end,1729300397111
314.214,329.971,head_end,1729300397127
313.03,330.654,head_end,1729300397135
310.663,332.021,head_end,1729300397151
309.912,332.455,head_end,1729300397168
309.833,332.5,head_end,1729300397185
309.833,332.5,head_end,1729300397201
309.833,332.5,head_end,1729300397218
309.833,332.5,head_end,1729300397235
309.833,332.5,head_end,1729300397252
309.833,332.5,head_end,1729300397268
309.833,332.5,head_end,1729300397284
309.833,332.5,head_end,1729300397301
309.833,332.5,head_end,1729300397318
309.833,332.5,head_end,1729300397334
309.833,332.5,head_end,1729300397351
309.833,332.5,head_end,1729300397368
309.833,332.5,head_end,1729300397385
309.833,332.5,head_end,1729300397401
309.833,332.5,head_end,1729300397418
309.833,332.5,head_end,1729300397435
309.833,332.5,head_end,1729300397451
309.833,332.5,head_end,1729300397468
309.833,332.5,head_end,1729300397485
309.833,332.5,head_end,1729300397944
309.833,332.5,head_end,1729300397967
309.833,332.5,head_end,1729300398002
309.833,332.5,head_end,1729300398023
309.833,332.5,head_end,1729300398037
309.833,332.5,head_end,1729300398053
309.833,332.5,head_end,1729300398069
309.833,332.5,head_end,1729300398085
309.833,332.5,head_end,1729300398102
309.833,332.5,head_end,1729300398119
309.833,332.5,head_end,1729300398136
309.833,332.5,head_end,1729300398152
309.833,332.5,head_end,1729300398169
309.833,332.5,head_end,1729300398185
309.833,332.5,head_end,1729300398203
309.833,332.5,head_end,1729300398219
309.833,332.5,head_end,1729300398269
309.833,332.5,head_end,1729300398286
309.833,332.5,head_end,1729300398302
198.0,361.0,up,1729300398520
,,flip,1729300400754
,,flip,1729300402622
306.0,335.0,down,1729300404218
310.691,332.005,head_end,1729300404351
311.441,331.572,head_end,1729300404358
314.123,330.024,head_end,1729300404375
318.737,327.36,head_end,1729300404392
330.475,320.582,head_end,1729300404408
344.401,312.542,head_end,1729300404425
356.385,305.624,head_end,1729300404442
364.244,301.086,head_end,1729300404459
370.345,297.564,head_end,1729300404475
372.278,296.448,head_end,1729300404492
373.773,295.584,head_end,1729300404509
374.955,294.902,head_end,1729300404525
377.319,293.537,head_end,1729300404542
379.557,292.245,head_end,1729300404559
383.422,290.013,head_end,1729300404575
389.653,286.416,head_end,1729300404592
391.586,285.3,head_end,1729300404609
392.768,284.618,head_end,1729300404626
393.95,283.935,head_end,1729300404642
395.132,283.253,head_end,1729300404659
396.315,282.57,head_end,1729300404675
397.063,282.138,head_end,1729300404692
397.811,281.706,head_end,1729300404709
398.239,281.459,head_end,1729300404725
399.421,280.777,head_end,1729300404742
400.603,280.094,head_end,1729300404759
401.03,279.848,head_end,1729300404775
402.963,278.732,head_end,1729300404792
403.39,278.485,head_end,1729300404809
406.07,276.938,head_end,1729300404825
408.431,275.575,head_end,1729300404842
410.033,274.65,head_end,1729300404859
411.966,273.534,head_end,1729300404909
413.566,272.61,head_end,1729300404926
415.499,271.494,head_end,1729300404942
417.098,270.571,head_end,1729300404959
417.845,270.139,head_end,1729300404976
416.661,270.823,head_end,1729300405197
414.728,271.939,head_end,1729300405209
411.611,273.739,head_end,1729300405226
405.377,277.338,head_end,1729300405243
401.819,279.392,head_end,1729300405259
399.886,280.508,head_end,1729300405276
406.0,299.0,up,1729300405720
,,flip,1729300406908
,,flip,1729300408492
450.0,251.0,down,1729300410077
450.992,251.498,head_neck,1729300410140
451.422,251.746,head_neck,1729300410148
456.471,254.661,head_neck,1729300410164
459.587,256.46,head_neck,1729300410181
465.817,260.057,head_neck,1729300410197
477.849,267.004,head_neck,1729300410214
491.813,275.066,head_neck,1729300410231
504.266,282.256,head_neck,1729300410247
506.854,283.75,head_neck,1729300410264
506.854,283.75,head_neck,1729300410281
504.921,282.634,head_neck,1729300410528
502.549,281.264,head_neck,1729300410534
500.616,280.148,head_neck,1729300410548
497.499,278.349,head_neck,1729300410565
494.382,276.549,head_neck,1729300410582
492.449,275.433,head_neck,1729300410598
501.0,284.0,up,1729300412444
,,flip,1729300413544
,,flip,1729300415428
489.0,276.0,down,1729300416700
491.265,274.75,head_neck,1729300416802
489.332,273.634,head_neck,1729300416809
486.215,271.834,head_neck,1729300416821
475.5,265.648,head_neck,1729300416837
452.932,252.618,head_neck,1729300416855
427.247,237.789,head_neck,1729300416871
396.652,220.125,head_neck,1729300416887
394.271,218.75,head_neck,1729300416904
394.271,218.75,head_neck,1729300416921
394.271,218.75,head_neck,1729300416937
394.271,218.75,head_neck,1729300416954
394.271,218.75,head_neck,1729300416971
394.271,218.75,head_neck,1729300416988
394.271,218.75,head_neck,1729300417004
394.271,218.75,head_neck,1729300417021
394.271,218.75,head_neck,1729300417038
394.271,218.75,head_neck,1729300417055
394.271,218.75,head_neck,1729300417071
394.271,218.75,head_neck,1729300417088
394.271,218.75,head_neck,1729300417105
394.271,218.75,head_neck,1729300417121
187.0,75.0,up,1729300417488
,,flip,1729300419144
,,flip,1729300420442
391.0,219.0,down,1729300421642
395.02,219.183,head_neck,1729300421776
398.566,221.23,head_neck,1729300421793
401.682,223.029,head_neck,1729300421810
405.548,225.261,head_neck,1729300421827
410.162,227.925,head_neck,1729300421844
417.144,231.956,head_neck,1729300421860
422.193,234.871,head_neck,1729300421877
424.557,236.236,head_neck,1729300421893
426.921,237.601,head_neck,1729300421910
428.104,238.283,head_neck,1729300421927
429.286,238.966,head_neck,1729300421943
430.783,239.83,head_neck,1729300421960
433.572,241.441,head_neck,1729300421977
434.755,242.123,head_neck,1729300421993
437.871,243.922,head_neck,1729300422010
440.66,245.533,head_neck,1729300422027
442.9,246.826,head_neck,1729300422044
444.083,247.509,head_neck,1729300422060
446.323,248.803,head_neck,1729300422077
448.687,250.167,head_neck,1729300422093
449.117,250.415,head_neck,1729300422144
450.299,251.098,head_neck,1729300423931
451.048,251.53,head_neck,1729300423945
451.478,251.778,head_neck,1729300423975
451.907,252.026,head_neck,1729300423983
452.656,252.459,head_neck,1729300423999
453.839,253.141,head_neck,1729300424012
454.268,253.389,head_neck,1729300424089
455.451,254.072,head_neck,1729300424104
449.0,260.0,up,1729300424704
,,flip,1729300425979
,,flip,1729300426961
750.0,251.0,down,1729300428302
750.621,250.567,tail_end,1729300428405
751.372,250.133,tail_end,1729300428416
757.172,246.785,tail_end,1729300428433
772.913,237.697,tail_end,1729300428450
799.442,222.38,tail_end,1729300428467
805.729,218.75,tail_end,1729300428483
805.729,218.75,tail_end,1729300428500
805.729,218.75,tail_end,1729300428517
805.729,218.75,tail_end,1729300428533
805.729,218.75,tail_end,1729300428550
805.729,218.75,tail_end,1729300428567
805.729,218.75,tail_end,1729300428583
805.729,218.75,tail_end,1729300428600
805.729,218.75,tail_end,1729300428618
805.729,218.75,tail_end,1729300428633
805.729,218.75,tail_end,1729300428650
805.729,218.75,tail_end,1729300428667
805.729,218.75,tail_end,1729300428683
1081.0,159.0,up,1729300428879
,,flip,1729300430613
,,flip,1729300432085
806.0,217.0,down,1729300433284
804.546,219.433,tail_end,1729300433395
801.431,221.232,tail_end,1729300433405
794.771,225.077,tail_end,1729300433422
790.905,227.309,tail_end,1729300433438
784.673,230.906,tail_end,1729300433455
782.741,232.022,tail_end,1729300433472
780.059,233.571,tail_end,1729300433488
778.562,234.435,tail_end,1729300433505
773.948,237.099,tail_end,1729300433522
769.334,239.763,tail_end,1729300433538
762.788,243.542,tail_end,1729300433555
757.429,246.636,tail_end,1729300433572
755.188,247.93,tail_end,1729300433588
751.761,249.909,tail_end,1729300433605
746.402,253.002,tail_end,1729300433622
741.044,256.096,tail_end,1729300433638
731.281,261.733,tail_end,1729300433655
722.065,267.054,tail_end,1729300433672
712.582,272.529,tail_end,1729300433688
701.446,278.958,tail_end,1729300433705
693.146,283.75,tail_end,1729300433722
693.146,283.75,tail_end,1729300433738
693.146,283.75,tail_end,1729300433755
693.146,283.75,tail_end,1729300433772
693.146,283.75,tail_end,1729300433789
693.146,283.75,tail_end,1729300433806
693.146,283.75,tail_end,1729300433822
693.146,283.75,tail_end,1729300433839
693.146,283.75,tail_end,1729300433855
693.146,283.75,tail_end,1729300433872
657.0,276.0,up,1729300434247
,,flip,1729300435293
,,flip,1729300436615
404.0,281.0,down,1729300438085
405.522,282.898,head_end,1729300438195
408.637,281.1,head_end,1729300438209
413.248,278.438,head_end,1729300438226
418.86,275.198,head_end,1729300438243
427.305,270.322,head_end,1729300438260
427.305,270.322,head_end,1729300438276
427.305,270.322,head_end,1729300438293
427.305,270.322,head_end,1729300438310
427.305,270.322,head_end,1729300438327
427.305,270.322,head_end,1729300438343
427.305,270.322,head_end,1729300438360
427.305,270.322,head_end,1729300438414
427.305,270.322,head_end,1729300438426
427.305,270.322,head_end,1729300438443
427.305,270.322,head_end,1729300438469
427.305,270.322,head_end,1729300438590
427.305,270.322,head_end,1729300438596
427.305,270.322,head_end,1729300438612
491.0,253.0,up,1729300438715
,,flip,1729300440109
,,flip,1729300441411
456.0,253.0,down,1729300443585
456.302,254.564,head_neck,1729300443678
457.485,255.246,head_neck,1729300443685
459.848,256.611,head_neck,1729300443699
465.745,260.016,head_neck,1729300443715
470.878,262.979,head_neck,1729300443732
486.448,271.968,head_neck,1729300443748
505.461,282.946,head_neck,1729300443765
506.854,283.75,head_neck,1729300443782
506.854,283.75,head_neck,1729300443798
506.854,283.75,head_neck,1729300443815
506.854,283.75,head_neck,1729300443832
506.854,283.75,head_neck,1729300443849
506.854,283.75,head_neck,1729300443866
506.854,283.75,head_neck,1729300443884
506.854,283.75,head_neck,1729300443899
506.854,283.75,head_neck,1729300443915
506.854,283.75,head_neck,1729300443932
506.854,283.75,head_neck,1729300443949
506.854,283.75,head_neck,1729300443965
506.854,283.75,head_neck,1729300443982
506.854,283.75,head_neck,1729300443999
506.854,283.75,head_neck,1729300444016
506.854,283.75,head_neck,1729300444032
506.854,283.75,head_neck,1729300444051
506.854,283.75,head_neck,1729300444167
562.0,329.0,up,1729300444175
,,flip,1729300445189
,,flip,1729300446069
497.0,391.0,down,1729300448240
501.331,392.504,leg_end_0,1729300448389
501.769,391.301,leg_end_0,1729300448406
502.529,389.214,leg_end_0,1729300448420
505.028,382.346,leg_end_0,1729300448437
507.957,374.299,leg_end_0,1729300448453
511.21,365.364,leg_end_0,1729300448470
514.557,356.166,leg_end_0,1729300448486
517.593,347.826,leg_end_0,1729300448503
521.059,338.302,leg_end_0,1729300448520
523.884,330.54,leg_end_0,1729300448537
523.884,330.54,leg_end_0,1729300448554
523.884,330.54,leg_end_0,1729300448570
523.884,330.54,leg_end_0,1729300448587
523.884,330.54,leg_end_0,1729300448603
523.884,330.54,leg_end_0,1729300448620
523.884,330.54,leg_end_0,1729300448637
523.884,330.54,leg_end_0,1729300448654
523.884,330.54,leg_end_0,1729300448723
523.884,330.54,leg_end_0,1729300448737
523.884,330.54,leg_end_0,1729300448754
523.884,330.54,leg_end_0,1729300448777
523.884,330.54,leg_end_0,1729300448937
574.0,280.0,up,1729300449109
,,flip,1729300450567
,,flip,1729300453157
524.0,329.0,down,1729300455312
523.562,331.425,leg_end_0,1729300455487
522.802,333.513,leg_end_0,1729300455494
522.157,335.285,leg_end_0,1729300455511
520.637,339.463,leg_end_0,1729300455527
519.556,342.433,leg_end_0,1729300455543
518.674,344.856,leg_end_0,1729300455561
517.914,346.944,leg_end_0,1729300455577
517.592,347.828,leg_end_0,1729300455627
517.152,349.036,leg_end_0,1729300455644
517.033,349.365,leg_end_0,1729300455701
516.593,350.573,leg_end_0,1729300455781
516.473,350.902,leg_end_0,1729300455794
515.392,353.872,leg_end_0,1729300455810
515.07,354.756,leg_end_0,1729300455828
514.631,355.964,leg_end_0,1729300455844
514.192,357.171,leg_end_0,1729300455922
513.87,358.055,leg_end_0,1729300455938
513.431,359.262,leg_end_0,1729300455978
513.109,360.146,leg_end_0,1729300456002
509.0,357.0,up,1729300456245
,,flip,1729300457735
,,flip,1729300458733
691.0,277.0,down,1729300459796
763.0,239.0,down,1729300460167
689.0,285.0,down,1729300460912
693.899,283.315,tail_end,1729300461069
695.084,282.631,tail_end,1729300461083
697.017,281.515,tail_end,1729300461099
699.704,279.963,tail_end,1729300461101
696.0,282.0,up,1729300461102
728.0,272.0,down,1729300461197
699.0,277.0,down,1729300462416
700.457,279.529,tail_end,1729300462551
701.641,278.845,tail_end,1729300462557
701.0,276.0,up,1729300462558
728.0,263.0,down,1729300462782
703.0,276.0,down,1729300464468
703.272,277.903,tail_end,1729300464715
705.205,276.787,tail_end,1729300464728
707.576,275.419,tail_end,1729300464736
709.509,274.303,tail_end,1729300464753
711.88,272.934,tail_end,1729300464769
714.25,271.566,tail_end,1729300464786
716.62,270.197,tail_end,1729300464803
718.553,269.081,tail_end,1729300464820
719.737,268.398,tail_end,1729300464836
720.921,267.714,tail_end,1729300464855
721.672,267.28,tail_end,1729300464871
722.11,267.027,tail_end,1729300464886
722.862,266.593,tail_end,1729300464909
723.613,266.159,tail_end,1729300464957
724.051,265.907,tail_end,1729300464970
724.803,265.473,tail_end,1729300464987
725.554,265.039,tail_end,1729300465003
727.487,263.923,tail_end,1729300465020
727.925,263.67,tail_end,1729300465036
728.676,263.236,tail_end,1729300465086
728.0,257.0,up,1729300465227
,,flip,1729300466683
,,flip,1729300467875
508.0,286.0,down,1729300469630
505.669,283.066,head_neck,1729300469763
504.916,282.631,head_neck,1729300469777
504.474,282.376,head_neck,1729300469792
503.29,281.692,head_neck,1729300469808
500.918,280.323,head_neck,1729300469825
496.615,277.838,head_neck,1729300469841
495.863,277.404,head_neck,1729300469858
494.233,276.463,head_neck,1729300469875
492.724,275.592,head_neck,1729300469896
489.904,273.964,head_neck,1729300469919
489.151,273.529,head_neck,1729300469958
488.399,273.095,head_neck,1729300470017
487.96,272.842,head_neck,1729300470025
487.209,272.408,head_neck,1729300470207
486.024,271.724,head_neck,1729300470222
485.586,271.471,head_neck,1729300470238
484.834,271.037,head_neck,1729300470340
484.082,270.603,head_neck,1729300471251
487.0,270.0,up,1729300471447
458.0,284.0,down,1729300472108
455.183,287.287,head_end,1729300472281
453.998,287.971,head_end,1729300472294
450.882,289.771,head_end,1729300472311
448.194,291.322,head_end,1729300472327
446.261,292.438,head_end,1729300472344
445.509,292.873,head_end,1729300472376
444.756,293.307,head_end,1729300472428
443.572,293.991,head_end,1729300472444
442.063,294.862,head_end,1729300472469
440.879,295.546,head_end,1729300472485
440.127,295.98,head_end,1729300472501
439.375,296.414,head_end,1729300472615
438.623,296.848,head_end,1729300472628
438.184,297.102,head_end,1729300472644
437.432,297.536,head_end,1729300472756
436.68,297.97,head_end,1729300472899
436.241,298.224,head_end,1729300472911
435.489,298.658,head_end,1729300472928
434.737,299.092,head_end,1729300472945
434.298,299.345,head_end,1729300472961
433.546,299.779,head_end,1729300473650
433.974,299.533,head_end,1729300473665
435.156,298.85,head_end,1729300473689
435.904,298.418,head_end,1729300473697
436.746,297.932,head_end,1729300473745
437.928,297.25,head_end,1729300473803
438.676,296.818,head_end,1729300473845
439.858,296.135,head_end,1729300473863
440.284,295.889,head_end,1729300473878
441.032,295.457,head_end,1729300473895
442.635,294.532,head_end,1729300473912
443.816,293.85,head_end,1729300473935
444.998,293.168,head_end,1729300473951
446.931,292.052,head_end,1729300473975
447.356,291.806,head_end,1729300473991
448.538,291.124,head_end,1729300474006
449.719,290.442,head_end,1729300474061
450.901,289.76,head_end,1729300474096
448.0,278.0,up,1729300474267
,,flip,1729300475503
,,flip,1729300477937
456.0,286.0,down,1729300479618
449.39,290.632,head_end,1729300479775
447.457,291.748,head_end,1729300479784
438.391,296.982,head_end,1729300479801
430.657,301.448,head_end,1729300479818
424.103,305.232,head_end,1729300479835
413.254,311.495,head_end,1729300479851
402.076,317.949,head_end,1729300479868
390.476,324.646,head_end,1729300479886
376.187,332.896,head_end,1729300479901
368.454,337.36,head_end,1729300479918
359.969,342.259,head_end,1729300479935
351.484,347.158,head_end,1729300479951
343.425,351.811,head_end,1729300479968
343.353,351.853,head_end,1729300479985
343.353,351.853,head_end,1729300480001
343.353,351.853,head_end,1729300480018
343.353,351.853,head_end,1729300480035
343.353,351.853,head_end,1729300480051
343.353,351.853,head_end,1729300480068
343.353,351.853,head_end,1729300480085
343.353,351.853,head_end,1729300480101
343.353,351.853,head_end,1729300480118
343.353,351.853,head_end,1729300480135
343.353,351.853,head_end,1729300480152
343.353,351.853,head_end,1729300480168
343.353,351.853,head_end,1729300480185
343.353,351.853,head_end,1729300480201
343.353,351.853,head_end,1729300480218
343.353,351.853,head_end,1729300480235
343.353,351.853,head_end,1729300480251
343.353,351.853,head_end,1729300480268
343.353,351.853,head_end,1729300480285
343.353,351.853,head_end,1729300480302
343.353,351.853,head_end,1729300480318
343.353,351.853,head_end,1729300480335
343.353,351.853,head_end,1729300480352
343.353,351.853,head_end,1729300480369
343.353,351.853,head_end,1729300480385
343.353,351.853,head_end,1729300480402
343.353,351.853,head_end,1729300480419
343.353,351.853,head_end,1729300480435
343.353,351.853,head_end,1729300480456
343.353,351.853,head_end,1729300480469
343.353,351.853,head_end,1729300480485
343.353,351.853,head_end,1729300480502
343.353,351.853,head_end,1729300480519
343.353,351.853,head_end,1729300480535
343.353,351.853,head_end,1729300480552
343.353,351.853,head_end,1729300480569
343.353,351.853,head_end,1729300480585
343.353,351.853,head_end,1729300480602
344.102,351.42,head_end,1729300482934
344.852,350.987,head_end,1729300482941
348.397,348.94,head_end,1729300482954
355.691,344.729,head_end,1729300482971
367.882,337.69,head_end,1729300482987
384.197,328.271,head_end,1729300483004
409.939,313.409,head_end,1729300483021
427.42,303.316,head_end,1729300483038
445.843,292.68,head_end,1729300483054
455.936,286.853,head_end,1729300483071
455.936,286.853,head_end,1729300483088
455.936,286.853,head_end,1729300483104
455.936,286.853,head_end,1729300483121
455.936,286.853,head_end,1729300483138
455.936,286.853,head_end,1729300483154
455.936,286.853,head_end,1729300483171
455.936,286.853,head_end,1729300483188
455.936,286.853,head_end,1729300483204
455.936,286.853,head_end,1729300483656
454.003,287.969,head_end,1729300483671
450.958,289.727,head_end,1729300483688
449.024,290.843,head_end,1729300483705
448.272,291.278,head_end,1729300483806
447.831,291.532,head_end,1729300483822
446.321,292.404,head_end,1729300483838
445.569,292.838,head_end,1729300483855
444.816,293.273,head_end,1729300483916
444.064,293.707,head_end,1729300483931
443.624,293.961,head_end,1729300483939
442.44,294.645,head_end,1729300483955
440.931,295.516,head_end,1729300483972
440.492,295.769,head_end,1729300483988
438.983,296.64,head_end,1729300484005
437.799,297.324,head_end,1729300484138
437.047,297.758,head_end,1729300484155
436.295,298.192,head_end,1729300484274
435.856,298.446,head_end,1729300484289
434.672,299.129,head_end,1729300484311
433.921,299.563,head_end,1729300484416
432.737,300.247,head_end,1729300484424
431.985,300.681,head_end,1729300484946
430.801,301.364,head_end,1729300484969
430.049,301.798,head_end,1729300484977
429.611,302.051,head_end,1729300484993
429.173,302.304,head_end,1729300485006
428.421,302.738,head_end,1729300485023
427.237,303.422,head_end,1729300485073
426.486,303.856,head_end,1729300485089
425.734,304.29,head_end,1729300485119
425.296,304.543,head_end,1729300485135
424.545,304.977,head_end,1729300485173
423.793,305.41,head_end,1729300485273
423.041,305.844,head_end,1729300485398
421.858,306.528,head_end,1729300485407
421.42,306.78,head_end,1729300485438
444.0,351.0,up,1729300485704
486.0,271.0,down,1729300486619
482.575,269.732,head_neck,1729300486744
481.391,269.049,head_neck,1729300486758
476.645,266.309,head_neck,1729300486775
471.596,263.394,head_neck,1729300486791
466.638,260.531,head_neck,1729300486808
459.329,256.311,head_neck,1729300486824
457.824,255.443,head_neck,1729300486841
455.564,254.137,head_neck,1729300486858
454.813,253.704,head_neck,1729300486875
452.88,252.588,head_neck,1729300486891
449.862,250.845,head_neck,1729300486908
446.845,249.104,head_neck,1729300486925
446.094,248.67,head_neck,1729300486941
444.91,247.987,head_neck,1729300487021
444.159,247.553,head_neck,1729300487037
442.655,246.685,head_neck,1729300487045
439.0,257.0,up,1729300487234
,,flip,1729300488968
,,flip,1729300489902
509.0,356.0,down,1729300491315
512.787,361.029,leg_end_0,1729300491393
512.465,361.913,leg_end_0,1729300491401
511.821,363.683,leg_end_0,1729300491415
511.178,365.452,leg_end_0,1729300491430
510.418,367.54,leg_end_0,1729300491446
506.935,377.109,leg_end_0,1729300491463
505.415,381.285,leg_end_0,1729300491479
503.69,386.025,leg_end_0,1729300491496
501.527,391.966,leg_end_0,1729300491513
501.088,393.172,leg_end_0,1729300491529
500.445,394.94,leg_end_0,1729300491546
500.006,396.146,leg_end_0,1729300491563
499.127,398.561,leg_end_0,1729300491579
498.805,399.445,leg_end_0,1729300491596
498.366,400.651,leg_end_0,1729300491613
498.044,401.534,leg_end_0,1729300491694
497.723,402.418,leg_end_0,1729300491701
493.0,398.0,up,1729300491810
,,flip,1729300493070
,,flip,1729300494068
725.0,261.0,down,1729300495360
730.61,262.12,tail_end,1729300495448
733.295,260.57,tail_end,1729300495454
735.557,259.264,tail_end,1729300495466
744.74,253.962,tail_end,1729300495483
760.476,244.877,tail_end,1729300495500
779.684,233.787,tail_end,1729300495517
799.694,222.234,tail_end,1729300495533
805.729,218.75,tail_end,1729300495550
805.729,218.75,tail_end,1729300495567
805.729,218.75,tail_end,1729300495583
805.729,218.75,tail_end,1729300495600
805.729,218.75,tail_end,1729300495617
805.729,218.75,tail_end,1729300495633
805.729,218.75,tail_end,1729300495650
1292.0,-60.0,up,1729300496048
,,flip,1729300497443
,,flip,1729300498162
806.0,215.0,down,1729300499536
805.298,218.999,tail_end,1729300499637
804.549,219.431,tail_end,1729300499704
802.616,220.547,tail_end,1729300499721
798.318,223.029,tail_end,1729300499737
793.269,225.944,tail_end,1729300499754
786.287,229.975,tail_end,1729300499771
775.439,236.238,tail_end,1729300499788
771.573,238.47,tail_end,1729300499804
768.029,240.516,tail_end,1729300499821
766.846,241.199,tail_end,1729300499837
764.482,242.564,tail_end,1729300499855
762.118,243.929,tail_end,1729300499871
759.754,245.294,tail_end,1729300499888
756.21,247.34,tail_end,1729300499904
751.913,249.821,tail_end,1729300499921
748.797,251.62,tail_end,1729300499937
747.188,252.549,tail_end,1729300499954
746.005,253.232,tail_end,1729300499971
744.823,253.914,tail_end,1729300499988
744.393,254.162,tail_end,1729300500017
743.211,254.845,tail_end,1729300500024
741.278,255.961,tail_end,1729300500071
740.096,256.643,tail_end,1729300500087
738.488,257.572,tail_end,1729300500105
737.739,258.004,tail_end,1729300500121
737.31,258.252,tail_end,1729300500138
736.127,258.935,tail_end,1729300500167
735.379,259.367,tail_end,1729300500183
734.95,259.614,tail_end,1729300500191
734.201,260.047,tail_end,1729300500204
733.019,260.729,tail_end,1729300500221
731.837,261.412,tail_end,1729300500288
731.408,261.659,tail_end,1729300500338
738.0,269.0,up,1729300500872
,,flip,1729300502098
,,flip,1729300502764
503.0,397.0,down,1729300504343
495.0,402.0,down,1729300505596
498.044,401.535,leg_end_0,1729300505743
498.365,400.653,leg_end_0,1729300505760
499.24,398.251,leg_end_0,1729300505777
500.202,395.606,leg_end_0,1729300505793
501.283,392.636,leg_end_0,1729300505810
501.604,391.753,leg_end_0,1729300505827
503.007,387.901,leg_end_0,1729300505843
504.409,384.048,leg_end_0,1729300505860
505.49,381.078,leg_end_0,1729300505877
506.571,378.108,leg_end_0,1729300505894
507.213,376.344,leg_end_0,1729300505910
507.651,375.142,leg_end_0,1729300505927
507.972,374.26,leg_end_0,1729300505944
508.293,373.377,leg_end_0,1729300505960
503.0,372.0,up,1729300506162
,,flip,1729300507318
,,flip,1729300507763
435.0,245.0,down,1729300508946
440.0,244.0,down,1729300510758
444.588,247.801,head_neck,1729300510996
446.198,248.73,head_neck,1729300511009
447.807,249.659,head_neck,1729300511017
448.556,250.092,head_neck,1729300511032
452.521,252.381,head_neck,1729300511049
453.269,252.813,head_neck,1729300511065
453.699,253.061,head_neck,1729300511089
454.551,253.553,head_neck,1729300511099
455.733,254.235,head_neck,1729300511116
456.482,254.668,head_neck,1729300511132
457.231,255.1,head_neck,1729300511149
457.66,255.348,head_neck,1729300511208
458.409,255.78,head_neck,1729300511223
453.0,258.0,up,1729300511540
398.0,294.0,down,1729300512223
396.929,291.276,head_end,1729300512382
398.862,290.16,head_end,1729300512395
399.611,289.728,head_end,1729300512404
401.973,288.364,head_end,1729300512417
403.155,287.681,head_end,1729300512434
405.836,286.134,head_end,1729300512450
406.263,285.887,head_end,1729300512467
408.625,284.523,head_end,1729300512484
409.373,284.091,head_end,1729300512500
411.735,282.728,head_end,1729300512517
414.096,281.364,head_end,1729300512534
416.029,280.248,head_end,1729300512550
416.777,279.817,head_end,1729300512567
417.959,279.134,head_end,1729300512584
419.0,279.0,up,1729300512878
,,flip,1729300514494
,,flip,1729300515262
509.0,370.0,down,1729300519677
507.533,375.465,leg_end_0,1729300519841
505.92,379.896,leg_end_0,1729300519857
502.468,389.381,leg_end_0,1729300519874
496.421,405.994,leg_end_0,1729300519891
490.053,423.491,leg_end_0,1729300519907
483.038,442.764,leg_end_0,1729300519925
479.422,452.7,leg_end_0,1729300519941
479.422,452.7,leg_end_0,1729300519958
479.422,452.7,leg_end_0,1729300519975
479.422,452.7,leg_end_0,1729300519991
479.422,452.7,leg_end_0,1729300520008
441.0,801.0,up,1729300520544
,,flip,1729300521724
,,flip,1729300522604
456.0,258.0,down,1729300523605
457.226,255.097,head_neck,1729300523778
452.925,252.614,head_neck,1729300523795
439.39,244.8,head_neck,1729300523811
417.365,232.083,head_neck,1729300523828
394.271,218.75,head_neck,1729300523845
394.271,218.75,head_neck,1729300523862
394.271,218.75,head_neck,1729300523879
394.271,218.75,head_neck,1729300523895
394.271,218.75,head_neck,1729300523912
394.271,218.75,head_neck,1729300523928
394.271,218.75,head_neck,1729300523945
394.271,218.75,head_neck,1729300523962
394.271,218.75,head_neck,1729300523978
394.271,218.75,head_neck,1729300523995
394.271,218.75,head_neck,1729300524012
394.271,218.75,head_neck,1729300524029
394.271,218.75,head_neck,1729300524045
394.271,218.75,head_neck,1729300524062
394.271,218.75,head_neck,1729300524078
394.271,218.75,head_neck,1729300524095
186.0,152.0,up,1729300524229
352.0,243.0,down,1729300525348
353.068,242.538,head_end,1729300525433
350.382,244.089,head_end,1729300525446
346.515,246.322,head_end,1729300525463
342.214,248.805,head_end,1729300525480
331.676,254.889,head_end,1729300525496
321.139,260.973,head_end,1729300525513
309.856,267.487,head_end,1729300525530
299.166,273.659,head_end,1729300525546
288.481,279.828,head_end,1729300525563
274.386,287.966,head_end,1729300525580
261.92,295.163,head_end,1729300525596
253.542,300.0,head_end,1729300525613
253.542,300.0,head_end,1729300525630
253.542,300.0,head_end,1729300525646
253.542,300.0,head_end,1729300525663
253.542,300.0,head_end,1729300525680
253.542,300.0,head_end,1729300525697
253.542,300.0,head_end,1729300525714
253.542,300.0,head_end,1729300525730
253.542,300.0,head_end,1729300525747
253.542,300.0,head_end,1729300525763
253.542,300.0,head_end,1729300525780
253.542,300.0,head_end,1729300525797
253.542,300.0,head_end,1729300525813
253.542,300.0,head_end,1729300525835
253.542,300.0,head_end,1729300525847
253.542,300.0,head_end,1729300525863
253.542,300.0,head_end,1729300525880
253.542,300.0,head_end,1729300525897
253.542,300.0,head_end,1729300525914
253.542,300.0,head_end,1729300525930
253.542,300.0,head_end,1729300525980
141.0,387.0,up,1729300526024
728.0,259.0,down,1729300527961
732.913,260.79,tail_end,1729300528102
737.532,258.123,tail_end,1729300528116
763.424,243.175,tail_end,1729300528133
786.104,230.08,tail_end,1729300528149
805.729,218.75,tail_end,1729300528166
805.729,218.75,tail_end,1729300528182
805.729,218.75,tail_end,1729300528199
805.729,218.75,tail_end,1729300528216
805.729,218.75,tail_end,1729300528233
805.729,218.75,tail_end,1729300528249
805.729,218.75,tail_end,1729300528266
805.729,218.75,tail_end,1729300528283
805.729,218.75,tail_end,1729300528299
1249.0,53.0,up,1729300528561
,,flip,1729300529802
,,flip,1729300533446
251.0,297.0,down,1729300536023
254.724,299.317,head_end,1729300536155
257.406,297.769,head_end,1729300536163
258.589,297.086,head_end,1729300536174
263.203,294.422,head_end,1729300536190
270.185,290.391,head_end,1729300536207
270.935,289.958,head_end,1729300536224
272.117,289.275,head_end,1729300536241
274.482,287.91,head_end,1729300536257
275.978,287.046,head_end,1729300536274
279.523,284.999,head_end,1729300536291
281.456,283.883,head_end,1729300536307
285.001,281.837,head_end,1729300536324
287.365,280.472,head_end,1729300536341
290.047,278.924,head_end,1729300536358
294.661,276.26,head_end,1729300536374
298.205,274.214,head_end,1729300536391
304.004,270.866,head_end,1729300536408
305.936,269.75,head_end,1729300536425
310.985,266.835,head_end,1729300536441
313.349,265.47,head_end,1729300536457
316.03,263.922,head_end,1729300536474
318.393,262.558,head_end,1729300536491
315.0,258.0,up,1729300536708
,,flip,1729300541286
,,flip,1729300542954
398.0,217.0,down,1729300546257
395.02,219.183,head_neck,1729300546400
397.385,220.548,head_neck,1729300546418
401.356,222.841,head_neck,1729300546434
406.082,225.569,head_neck,1729300546451
410.38,228.05,head_neck,1729300546467
422.087,234.81,head_neck,1729300546484
433.794,241.568,head_neck,1729300546500
445.073,248.081,head_neck,1729300546517
453.988,253.228,head_neck,1729300546534
460.219,256.825,head_neck,1729300546551
462.583,258.19,head_neck,1729300546567
464.515,259.306,head_neck,1729300546584
465.698,259.988,head_neck,1729300546601
466.88,260.671,head_neck,1729300546618
465.696,259.987,head_neck,1729300546858
463.327,258.62,head_neck,1729300546868
454.723,253.652,head_neck,1729300546884
445.808,248.505,head_neck,1729300546901
435.387,242.489,head_neck,1729300546918
424.213,236.037,head_neck,1729300546935
423.777,235.786,head_neck,1729300546952
423.0,242.0,up,1729300547394
,,flip,1729300549494
,,flip,1729300550620
802.0,215.0,down,1729300556697
804.98,219.183,tail_end,1729300556864
803.483,220.047,tail_end,1729300556878
789.757,227.972,tail_end,1729300556894
778.477,234.484,tail_end,1729300556911
774.179,236.966,tail_end,1729300556927
769.455,239.693,tail_end,1729300556944
764.406,242.608,tail_end,1729300556961
761.29,244.407,tail_end,1729300556978
758.608,245.955,tail_end,1729300556994
756.244,247.32,tail_end,1729300557011
755.062,248.003,tail_end,1729300557028
750.013,250.918,tail_end,1729300557045
746.897,252.717,tail_end,1729300557061
744.534,254.081,tail_end,1729300557078
743.039,254.944,tail_end,1729300557095
741.43,255.873,tail_end,1729300557111
740.681,256.305,tail_end,1729300557128
739.499,256.988,tail_end,1729300557145
738.75,257.42,tail_end,1729300557161
738.001,257.853,tail_end,1729300557236
737.0,259.0,up,1729300557756
,,flip,1729300559736
,,flip,1729300560544
472.0,450.0,down,1729300562078
475.0,453.0,down,1729300563479
480.181,450.613,leg_end_0,1729300563628
480.824,448.848,leg_end_0,1729300563636
481.905,445.878,leg_end_0,1729300563651
483.652,441.078,leg_end_0,1729300563668
486.045,434.504,leg_end_0,1729300563684
487.242,431.214,leg_end_0,1729300563701
488.644,427.362,leg_end_0,1729300563718
489.632,424.647,leg_end_0,1729300563734
491.151,420.474,leg_end_0,1729300563751
492.348,417.184,leg_end_0,1729300563768
493.545,413.895,leg_end_0,1729300563785
494.305,411.808,leg_end_0,1729300563801
495.386,408.838,leg_end_0,1729300563818
496.146,406.751,leg_end_0,1729300563834
497.227,403.78,leg_end_0,1729300563851
498.308,400.81,leg_end_0,1729300563868
499.941,396.323,leg_end_0,1729300563885
500.904,393.679,leg_end_0,1729300563901
501.663,391.592,leg_end_0,1729300563919
504.146,384.769,leg_end_0,1729300563935
506.066,379.495,leg_end_0,1729300563952
508.87,371.792,leg_end_0,1729300563968
510.272,367.94,leg_end_0,1729300563985
511.234,365.298,leg_end_0,1729300564001
512.216,362.6,leg_end_0,1729300564018
513.496,359.082,leg_end_0,1729300564035
514.457,356.441,leg_end_0,1729300564051
515.099,354.679,leg_end_0,1729300564068
516.696,350.289,leg_end_0,1729300564085
517.657,347.65,leg_end_0,1729300564102
518.617,345.011,leg_end_0,1729300564118
519.577,342.373,leg_end_0,1729300564135
519.898,341.491,leg_end_0,1729300564151
520.219,340.61,leg_end_0,1729300564168
520.86,338.849,leg_end_0,1729300564185
521.297,337.649,leg_end_0,1729300564202
521.618,336.767,leg_end_0,1729300564219
521.939,335.885,leg_end_0,1729300564235
522.375,334.686,leg_end_0,1729300564253
522.696,333.804,leg_end_0,1729300564269
523.017,332.923,leg_end_0,1729300564285
523.338,332.041,leg_end_0,1729300564315
523.659,331.16,leg_end_0,1729300564352
523.884,330.54,leg_end_0,1729300564368
523.884,330.54,leg_end_0,1729300564385
523.884,330.54,leg_end_0,1729300564402
523.884,330.54,leg_end_0,1729300564418
523.884,330.54,leg_end_0,1729300564435
523.884,330.54,leg_end_0,1729300564452
523.884,330.54,leg_end_0,1729300564468
523.884,330.54,leg_end_0,1729300564485
523.884,330.54,leg_end_0,1729300564502
523.884,330.54,leg_end_0,1729300564518
523.884,330.54,leg_end_0,1729300564535
523.884,330.54,leg_end_0,1729300564552
523.884,330.54,leg_end_0,1729300564569
523.884,330.54,leg_end_0,1729300564585
523.884,330.54,leg_end_0,1729300564602
523.884,330.54,leg_end_0,1729300564624
523.884,330.54,leg_end_0,1729300564672
523.884,330.54,leg_end_0,1729300564686
523.0,307.0,up,1729300564916
,,flip,1729300570144
,,flip,1729300571822
425.0,238.0,down,1729300577161
425.274,236.65,head_neck,1729300577181
426.77,237.514,head_neck,1729300577198
429.012,238.808,head_neck,1729300577215
431.254,240.102,head_neck,1729300577232
433.051,241.14,head_neck,1729300577248
435.292,242.434,head_neck,1729300577265
439.906,245.097,head_neck,1729300577281
446.137,248.695,head_neck,1729300577298
451.615,251.858,head_neck,1729300577315
463.734,258.855,head_neck,1729300577331
480.062,268.281,head_neck,1729300577348
494.099,276.386,head_neck,1729300577365
497.214,278.184,head_neck,1729300577381
499.575,279.547,head_neck,1729300577398
501.935,280.91,head_neck,1729300577415
502.359,281.155,head_neck,1729300577431
503.957,282.077,head_neck,1729300577448
505.889,283.193,head_neck,1729300577465
506.313,283.437,head_neck,1729300577515
505.559,283.003,head_neck,1729300577645
504.047,282.129,head_neck,1729300577652
501.772,280.816,head_neck,1729300577665
494.79,276.785,head_neck,1729300577682
488.99,273.436,head_neck,1729300577698
488.238,273.002,head_neck,1729300577715
487.486,272.568,head_neck,1729300577732
486.0,280.0,up,1729300578088
,,flip,1729300579434
,,flip,1729300580457
733.0,255.0,down,1729300581748
737.572,258.1,tail_end,1729300581844
734.03,260.146,tail_end,1729300581853
732.848,260.828,tail_end,1729300581870
725.017,265.349,tail_end,1729300581886
714.92,271.179,tail_end,1729300581903
705.928,276.37,tail_end,1729300581919
698.52,280.647,tail_end,1729300581937
696.161,282.009,tail_end,1729300581953
693.146,283.75,tail_end,1729300581969
693.146,283.75,tail_end,1729300581986
693.146,283.75,tail_end,1729300582003
693.146,283.75,tail_end,1729300582019
693.146,283.75,tail_end,1729300582036
693.146,283.75,tail_end,1729300582053
693.146,283.75,tail_end,1729300582069
693.146,283.75,tail_end,1729300582086
693.146,283.75,tail_end,1729300582103
693.146,283.75,tail_end,1729300582120
693.146,283.75,tail_end,1729300582136
693.146,283.75,tail_end,1729300582153
693.146,283.75,tail_end,1729300582170
693.146,283.75,tail_end,1729300582186
693.146,283.75,tail_end,1729300582214
693.146,283.75,tail_end,1729300582231
693.146,283.75,tail_end,1729300582270
693.146,283.75,tail_end,1729300582287
651.0,320.0,up,1729300582356
572.0,588.0,down,1729300583786
,,flip,1729300584320
,,flip,1729300585168
658.0,325.0,down,1729300587373
653.671,331.125,leg_end_2,1729300587442
653.026,332.897,leg_end_2,1729300587458
652.915,333.203,leg_end_2,1729300587475
652.27,334.975,leg_end_2,1729300587492
651.301,337.637,leg_end_2,1729300587508
650.333,340.297,leg_end_2,1729300587525
647.736,347.431,leg_end_2,1729300587542
643.926,357.9,leg_end_2,1729300587558
638.717,372.212,leg_end_2,1729300587575
633.519,386.493,leg_end_2,1729300587592
626.691,405.253,leg_end_2,1729300587609
621.182,420.389,leg_end_2,1729300587625
615.352,436.406,leg_end_2,1729300587642
609.422,452.7,leg_end_2,1729300587658
609.422,452.7,leg_end_2,1729300587675
609.422,452.7,leg_end_2,1729300587692
609.422,452.7,leg_end_2,1729300587709
609.422,452.7,leg_end_2,1729300587725
609.422,452.7,leg_end_2,1729300587742
609.422,452.7,leg_end_2,1729300587759
609.422,452.7,leg_end_2,1729300587775
609.422,452.7,leg_end_2,1729300587792
664.0,651.0,up,1729300588050
,,flip,1729300588794
,,flip,1729300589722
592.0,452.0,down,1729300591144
590.14,451.497,leg_end_1,1729300591308
589.498,449.732,leg_end_1,1729300591315
588.738,447.645,leg_end_1,1729300591329
587.657,444.674,leg_end_1,1729300591346
586.897,442.587,leg_end_1,1729300591362
586.255,440.823,leg_end_1,1729300591379
585.934,439.94,leg_end_1,1729300591395
585.613,439.057,leg_end_1,1729300591425
585.497,438.739,leg_end_1,1729300591432
585.175,437.856,leg_end_1,1729300591445
584.533,436.091,leg_end_1,1729300591462
583.452,433.121,leg_end_1,1729300591479
581.933,428.947,leg_end_1,1729300591496
581.495,427.744,leg_end_1,1729300591513
580.414,424.773,leg_end_1,1729300591529
580.093,423.891,leg_end_1,1729300591546
579.655,422.688,leg_end_1,1729300591563
578.895,420.6,leg_end_1,1729300591579
578.574,419.718,leg_end_1,1729300591596
578.136,418.515,leg_end_1,1729300591612
577.494,416.751,leg_end_1,1729300591629
577.056,415.547,leg_end_1,1729300591646
576.618,414.344,leg_end_1,1729300591663
576.297,413.462,leg_end_1,1729300591679
575.216,410.491,leg_end_1,1729300591696
575.1,410.174,leg_end_1,1729300591746
574.984,409.856,leg_end_1,1729300591762
574.663,408.973,leg_end_1,1729300591838
574.0,409.0,up,1729300592034
,,flip,1729300593190
,,flip,1729300594126
576.0,409.0,down,1729300596259
574.781,409.298,leg_end_1,1729300596392
574.139,407.534,leg_end_1,1729300596401
572.537,403.131,leg_end_1,1729300596417
570.615,397.852,leg_end_1,1729300596434
568.057,390.825,leg_end_1,1729300596450
564.55,381.188,leg_end_1,1729300596467
560.283,369.466,leg_end_1,1729300596484
556.653,359.49,leg_end_1,1729300596500
554.104,352.489,leg_end_1,1729300596517
552.063,346.881,leg_end_1,1729300596534
551.422,345.12,leg_end_1,1729300596551
551.101,344.238,leg_end_1,1729300596568
550.141,341.6,leg_end_1,1729300596584
549.704,340.4,leg_end_1,1729300596601
549.383,339.518,leg_end_1,1729300596654
550.028,341.289,leg_end_1,1729300596908
550.672,343.06,leg_end_1,1729300596930
551.754,346.03,leg_end_1,1729300596936
552.721,348.689,leg_end_1,1729300596951
554.124,352.544,leg_end_1,1729300596968
555.415,356.091,leg_end_1,1729300596984
556.615,359.388,leg_end_1,1729300597001
557.259,361.157,leg_end_1,1729300597018
557.581,362.041,leg_end_1,1729300597035
558.02,363.248,leg_end_1,1729300597114
558.342,364.132,leg_end_1,1729300597168
558.781,365.339,leg_end_1,1729300597185
559.103,366.223,leg_end_1,1729300597201
559.747,367.992,leg_end_1,1729300597218
560.069,368.876,leg_end_1,1729300597235
561.589,373.052,leg_end_1,1729300597251
562.555,375.707,leg_end_1,1729300597268
564.396,380.765,leg_end_1,1729300597285
565.477,383.736,leg_end_1,1729300597301
566.766,387.277,leg_end_1,1729300597318
567.732,389.932,leg_end_1,1729300597335
568.054,390.815,leg_end_1,1729300597352
568.493,392.021,leg_end_1,1729300597368
568.815,392.905,leg_end_1,1729300597385
585.0,387.0,up,1729300597720
,,flip,1729300598846
,,flip,1729300600310
490.0,272.0,down,1729300602778
486.734,272.133,head_neck,1729300602893
483.291,270.146,head_neck,1729300602907
476.737,266.362,head_neck,1729300602925
462.098,257.91,head_neck,1729300602941
453.611,253.01,head_neck,1729300602957
453.0,258.0,up,1729300603272
,,flip,1729300604420
,,flip,1729300605498
380.0,298.0,down,1729300607821
378.916,296.136,head_end,1729300607922
380.411,295.272,head_end,1729300607930
381.906,294.409,head_end,1729300607945
386.955,291.494,head_end,1729300607963
400.049,283.934,head_end,1729300607979
410.248,278.046,head_end,1729300607995
416.333,274.533,head_end,1729300608012
418.266,273.417,head_end,1729300608029
427.0,285.0,up,1729300608254
,,flip,1729300612388
,,flip,1729300613798
688.0,286.0,down,1729300615695
695.079,282.634,tail_end,1729300615796
697.767,281.082,tail_end,1729300615803
701.213,279.092,tail_end,1729300615820
715.521,270.832,tail_end,1729300615836
740.302,256.525,tail_end,1729300615853
777.185,235.23,tail_end,1729300615870
805.729,218.75,tail_end,1729300615887
805.729,218.75,tail_end,1729300615904
805.729,218.75,tail_end,1729300615920
805.729,218.75,tail_end,1729300615936
805.729,218.75,tail_end,1729300615953
805.729,218.75,tail_end,1729300615970
805.729,218.75,tail_end,1729300615987
805.729,218.75,tail_end,1729300616004
805.729,218.75,tail_end,1729300616020
805.729,218.75,tail_end,1729300616037
805.729,218.75,tail_end,1729300616053
805.729,218.75,tail_end,1729300616070
1216.0,169.0,up,1729300616864
,,flip,1729300618242
,,flip,1729300619446
498.0,387.0,down,1729300621610
501.301,392.588,leg_end_0,1729300621664
501.094,393.157,leg_end_0,1729300621676
500.674,394.311,leg_end_0,1729300621693
499.929,396.356,leg_end_0,1729300621709
498.087,401.417,leg_end_0,1729300621726
495.593,408.269,leg_end_0,1729300621742
492.248,417.459,leg_end_0,1729300621759
486.575,433.046,leg_end_0,1729300621776
479.508,452.462,leg_end_0,1729300621792
479.422,452.7,leg_end_0,1729300621809
479.422,452.7,leg_end_0,1729300621826
479.422,452.7,leg_end_0,1729300621843
479.422,452.7,leg_end_0,1729300621859
479.422,452.7,leg_end_0,1729300621876
498.0,656.0,up,1729300622154
,,flip,1729300624620
,,flip,1729300629926
419.0,278.0,down,1729300631657
417.513,273.852,head_end,1729300631806
416.76,274.286,head_end,1729300631819
414.827,275.402,head_end,1729300631837
412.141,276.954,head_end,1729300631853
406.762,280.059,head_end,1729300631869
403.645,281.858,head_end,1729300631886
399.344,284.342,head_end,1729300631903
398.16,285.025,head_end,1729300631919
395.044,286.825,head_end,1729300631936
392.358,288.375,head_end,1729300631953
391.174,289.058,head_end,1729300631969
389.668,289.928,head_end,1729300631986
388.485,290.611,head_end,1729300632011
388.0,293.0,up,1729300632112
452.0,252.0,down,1729300634491
451.989,252.073,head_neck,1729300634682
448.872,250.274,head_neck,1729300634689
443.387,247.107,head_neck,1729300634706
431.665,240.34,head_neck,1729300634722
421.245,234.324,head_neck,1729300634739
412.33,229.177,head_neck,1729300634755
407.713,226.511,head_neck,1729300634772
406.962,226.077,head_neck,1729300634789
406.211,225.644,head_neck,1729300634807
405.028,224.96,head_neck,1729300634823
403.844,224.277,head_neck,1729300634839
402.341,223.41,head_neck,1729300635078
400.408,222.293,head_neck,1729300635122
398.041,220.927,head_neck,1729300635172
395.785,219.624,head_neck,1729300635189
394.271,218.75,head_neck,1729300635206
394.271,218.75,head_neck,1729300635223
394.271,218.75,head_neck,1729300635239
394.271,218.75,head_neck,1729300635259
394.271,218.75,head_neck,1729300635274
394.271,218.75,head_neck,1729300635289
394.271,218.75,head_neck,1729300635306
394.271,218.75,head_neck,1729300635323
394.271,218.75,head_neck,1729300635340
394.271,218.75,head_neck,1729300635390
394.271,218.75,head_neck,1729300635407
394.271,218.75,head_neck,1729300635456
394.271,218.75,head_neck,1729300635473
394.271,218.75,head_neck,1729300635490
394.271,218.75,head_neck,1729300635506
394.271,218.75,head_neck,1729300635523
394.271,218.75,head_neck,1729300635540
394.271,218.75,head_neck,1729300635573
394.271,218.75,head_neck,1729300635590
365.0,211.0,up,1729300635820
,,flip,1729300637150
,,flip,1729300638860
330.0,254.0,down,1729300641366
329.573,256.104,head_end,1729300641436
331.506,254.988,head_end,1729300641446
333.438,253.872,head_end,1729300641462
336.863,251.894,head_end,1729300641479
341.912,248.979,head_end,1729300641496
342.66,248.547,head_end,1729300641512
344.593,247.431,head_end,1729300641529
346.085,246.57,head_end,1729300641546
347.689,245.644,head_end,1729300641563
349.181,244.783,head_end,1729300641579
351.542,243.419,head_end,1729300641596
353.033,242.559,head_end,1729300641612
354.966,241.443,head_end,1729300641629
355.713,241.011,head_end,1729300641646
358.074,239.648,head_end,1729300641662
359.563,238.789,head_end,1729300641679
361.496,237.673,head_end,1729300641696
365.361,235.441,head_end,1729300641712
366.125,235.0,head_end,1729300641729
366.125,235.0,head_end,1729300641746
366.125,235.0,head_end,1729300641763
366.125,235.0,head_end,1729300641779
366.125,235.0,head_end,1729300641801
366.125,235.0,head_end,1729300641814
366.125,235.0,head_end,1729300641838
366.125,235.0,head_end,1729300641846
366.125,235.0,head_end,1729300641863
366.125,235.0,head_end,1729300641895
366.125,235.0,head_end,1729300641911
366.125,235.0,head_end,1729300641927
366.125,235.0,head_end,1729300641934
366.125,235.0,head_end,1729300641951
366.125,235.0,head_end,1729300641975
366.125,235.0,head_end,1729300641982
366.125,235.0,head_end,1729300641999
392.0,227.0,up,1729300642132
391.0,217.0,down,1729300642794
395.883,219.681,head_neck,1729300642798
398.675,221.293,head_neck,1729300642813
404.58,224.702,head_neck,1729300642830
407.372,226.314,head_neck,1729300642847
412.52,229.286,head_neck,1729300642864
415.202,230.835,head_neck,1729300642880
418.318,232.634,head_neck,1729300642897
420.682,233.999,head_neck,1729300642914
423.364,235.547,head_neck,1729300642930
426.48,237.346,head_neck,1729300642947
427.976,238.21,head_neck,1729300642964
432.274,240.691,head_neck,1729300642981
433.456,241.374,head_neck,1729300642997
434.639,242.056,head_neck,1729300643014
436.135,242.92,head_neck,1729300643030
438.499,244.285,head_neck,1729300643047
440.432,245.401,head_neck,1729300643064
441.181,245.834,head_neck,1729300643081
441.93,246.266,head_neck,1729300643097
443.863,247.382,head_neck,1729300643114
445.045,248.065,head_neck,1729300643131
445.475,248.313,head_neck,1729300643147
445.905,248.561,head_neck,1729300643164
446.654,248.993,head_neck,1729300643181
439.0,255.0,up,1729300643398
,,flip,1729300644578
,,flip,1729300645906
808.0,213.0,down,1729300647050
804.546,219.433,tail_end,1729300647190
803.049,220.297,tail_end,1729300647201
799.183,222.529,tail_end,1729300647218
791.89,226.74,tail_end,1729300647235
780.294,233.435,tail_end,1729300647251
767.514,240.814,tail_end,1729300647269
751.186,250.241,tail_end,1729300647285
743.774,254.52,tail_end,1729300647301
738.725,257.435,tail_end,1729300647318
734.859,259.667,tail_end,1729300647335
733.677,260.349,tail_end,1729300647352
731.744,261.465,tail_end,1729300647368
730.562,262.148,tail_end,1729300647385
729.813,262.58,tail_end,1729300647403
729.065,263.012,tail_end,1729300647419
727.882,263.695,tail_end,1729300647436
726.7,264.377,tail_end,1729300647452
728.0,257.0,up,1729300647552
,,flip,1729300648954
,,flip,1729300649920
480.0,455.0,down,1729300651759
479.743,451.817,leg_end_0,1729300651910
480.706,449.171,leg_end_0,1729300651923
482.63,443.886,leg_end_0,1729300651939
487.418,430.73,leg_end_0,1729300651949
480.0,430.0,up,1729300651949
493.0,378.0,down,1729300652063
,,flip,1729300653604
,,flip,1729300654474
619.0,424.0,down,1729300655721
618.06,428.965,leg_end_2,1729300655840
618.613,427.448,leg_end_2,1729300655847
620.247,422.959,leg_end_2,1729300655860
622.639,416.386,leg_end_2,1729300655876
626.223,406.538,leg_end_2,1729300655893
629.261,398.193,leg_end_2,1729300655910
632.519,389.242,leg_end_2,1729300655927
635.667,380.592,leg_end_2,1729300655944
637.299,376.108,leg_end_2,1729300655960
638.38,373.138,leg_end_2,1729300655977
639.14,371.05,leg_end_2,1729300655994
639.781,369.287,leg_end_2,1729300656010
640.103,368.405,leg_end_2,1729300656027
640.54,367.203,leg_end_2,1729300656043
655.0,365.0,up,1729300656130
,,flip,1729300657129
,,flip,1729300657872
441.0,248.0,down,1729300659595
447.084,249.242,head_neck,1729300659614
450.627,251.288,head_neck,1729300659631
453.743,253.086,head_neck,1729300659647
455.676,254.202,head_neck,1729300659664
458.792,256.001,head_neck,1729300659680
461.908,257.8,head_neck,1729300659697
465.023,259.599,head_neck,1729300659714
470.822,262.947,head_neck,1729300659731
480.166,268.342,head_neck,1729300659747
489.081,273.489,head_neck,1729300659764
495.311,277.086,head_neck,1729300659781
497.244,278.202,head_neck,1729300659797
497.991,278.633,head_neck,1729300659814
496.482,277.761,head_neck,1729300659997
494.111,276.393,head_neck,1729300660014
493.671,276.139,head_neck,1729300660035
487.0,277.0,up,1729300660272
,,flip,1729300662950
,,flip,1729300663908
726.0,266.0,down,1729300665588
727.452,263.943,tail_end,1729300665643
728.203,263.51,tail_end,1729300665667
729.709,262.64,tail_end,1729300665683
733.907,260.217,tail_end,1729300665690
736.592,258.667,tail_end,1729300665703
747.769,252.213,tail_end,1729300665720
767.533,240.802,tail_end,1729300665736
799.453,222.374,tail_end,1729300665753
805.729,218.75,tail_end,1729300665770
805.729,218.75,tail_end,1729300665786
805.729,218.75,tail_end,1729300665803
805.729,218.75,tail_end,1729300665820
805.729,218.75,tail_end,1729300665837
805.729,218.75,tail_end,1729300665853
805.729,218.75,tail_end,1729300665870
805.729,218.75,tail_end,1729300665897
903.0,181.0,up,1729300666078
,,flip,1729300667194
,,flip,1729300669174
496.0,279.0,down,1729300672645
492.919,275.704,head_neck,1729300672906
492.167,275.27,head_neck,1729300672944
490.233,274.154,head_neck,1729300673087
492.0,278.0,up,1729300673776
804.0,216.0,down,1729300676699
804.871,219.245,tail_end,1729300676714
804.44,219.494,tail_end,1729300676739
804.009,219.743,tail_end,1729300676747
803.578,219.992,tail_end,1729300676764
803.9,219.806,tail_end,1729300676795
803.469,220.055,tail_end,1729300676831
801.011,221.474,tail_end,1729300676848
791.573,226.923,tail_end,1729300676865
780.961,233.05,tail_end,1729300676881
771.114,238.735,tail_end,1729300676897
763.209,243.299,tail_end,1729300676914
756.48,247.184,tail_end,1729300676931
750.164,250.83,tail_end,1729300676948
745.025,253.798,tail_end,1729300676964
740.727,256.279,tail_end,1729300676981
737.185,258.324,tail_end,1729300676998
730.954,261.922,tail_end,1729300677014
722.365,266.88,tail_end,1729300677031
718.068,269.361,tail_end,1729300677048
716.136,270.477,tail_end,1729300677064
714.643,271.339,tail_end,1729300677081
712.71,272.454,tail_end,1729300677098
713.149,272.201,tail_end,1729300677342
714.333,271.517,tail_end,1729300677349
714.772,271.264,tail_end,1729300677365
715.524,270.83,tail_end,1729300677381
717.151,269.891,tail_end,1729300677398
718.335,269.207,tail_end,1729300677415
719.518,268.524,tail_end,1729300677465
719.957,268.271,tail_end,1729300677516
721.141,267.587,tail_end,1729300677547
721.892,267.153,tail_end,1729300677571
735.0,291.0,up,1729300678536
,,flip,1729300680594
,,flip,1729300681196
463.0,291.0,down,1729300682790
462.088,290.404,head_end,1729300682958
460.452,291.348,head_end,1729300683012
460.01,291.603,head_end,1729300683054
458.825,292.287,head_end,1729300683177
461.0,294.0,up,1729300683762
,,flip,1729300684888
,,flip,1729300685758
507.0,367.0,down,1729300687717
510.218,368.087,leg_end_0,1729300688272
509.897,368.971,leg_end_0,1729300688478
507.0,369.0,up,1729300688712
,,flip,1729300689916
,,flip,1729300690676
